{"nbformat":4,"nbformat_minor":0,"metadata":{"colab":{"provenance":[],"collapsed_sections":[],"authorship_tag":"ABX9TyPFsDazZs2g/yu2gviIGtGY"},"kernelspec":{"name":"python3","display_name":"Python 3"},"language_info":{"name":"python"}},"cells":[{"cell_type":"markdown","source":["<h1> <center> Khadim Hussain <center><h1>\n","<h1> <center> 19-CP-71 <center><h1>\n","<h1> <center> DIP LAB 01<center><h1>"],"metadata":{"id":"XV1HNkNjBY1W"}},{"cell_type":"markdown","source":["<h3> Task 01<h3>"],"metadata":{"id":"LQc6ppwmBmEu"}},{"cell_type":"code","source":[],"metadata":{"id":"7q1tdNSUBjR2"},"execution_count":null,"outputs":[]},{"cell_type":"markdown","source":["Python vs C++ \n","\n","\n","1.   Python has fewer lines of code.\tC++ tends to have long lines of code.\n","2.   Python is dynamically typed.\tC++ is statically typed.\n","3.   Python Functions do not have restrictions on the type of the argument and the type of its return value.\n","In C++, the function can accept and return the type of value which is already defined.\n","4.   In Python, variables are accessible even outside the loop.\tIn C++, the scope of variables is limited within the loops.\n","5.   python has no need to define variables while C++ we define variables\n","\n","\n","\n","\n"],"metadata":{"id":"kvubU4RCBuCH"}},{"cell_type":"markdown","source":["<h3> Task 02<h3>"],"metadata":{"id":"ZtTEURi0DMyG"}},{"cell_type":"markdown","source":["Write a Python program that will print numbers from 10 to 20\n","using for-loop."],"metadata":{"id":"d6hA17gFDNKt"}},{"cell_type":"code","source":["for i in range (10,21):\n","  print(i)"],"metadata":{"colab":{"base_uri":"https://localhost:8080/"},"id":"oK0Gjm6PDSgz","executionInfo":{"status":"ok","timestamp":1663059327117,"user_tz":-300,"elapsed":11,"user":{"displayName":"Khadim Hussain","userId":"02546551491455425566"}},"outputId":"ee0b4dce-506e-4754-f317-ddc3fcb786a7"},"execution_count":null,"outputs":[{"output_type":"stream","name":"stdout","text":["10\n","11\n","12\n","13\n","14\n","15\n","16\n","17\n","18\n","19\n","20\n"]}]},{"cell_type":"markdown","source":["<h3> Task 03<h3>"],"metadata":{"id":"HgxCurDxDeOh"}},{"cell_type":"markdown","source":["Create a list of state names such as\n","states = [’Minnesota’,’Texas’,’New York’,’Utah’,’Hawaii’].\n","Add another entry ’California’ to the end of the list. Then,\n","print all the values of this list.\n"],"metadata":{"id":"mRzrw503D-Vy"}},{"cell_type":"code","source":["states = ['Minnesota','Texas','NewYork','Utah','Hawaii']\n","print(states)\n","states.append('California')\n","print('Afert adding California',states)\n"],"metadata":{"colab":{"base_uri":"https://localhost:8080/"},"id":"_jt3RhuEDgEp","executionInfo":{"status":"ok","timestamp":1663059553089,"user_tz":-300,"elapsed":369,"user":{"displayName":"Khadim Hussain","userId":"02546551491455425566"}},"outputId":"471a4378-a9b3-4c26-9ff1-d1008c07d950"},"execution_count":null,"outputs":[{"output_type":"stream","name":"stdout","text":["['Minnesota', 'Texas', 'NewYork', 'Utah', 'Hawaii']\n","Afert adding California ['Minnesota', 'Texas', 'NewYork', 'Utah', 'Hawaii', 'California']\n"]}]},{"cell_type":"markdown","source":["<h3> Task 04<h3>"],"metadata":{"id":"JEMivO_EDg3h"}},{"cell_type":"markdown","source":["Create a 2D list of size 3-by-3 with the following elements:\n","1; 2; 3|4; 5; 6|6; 7; 8"],"metadata":{"id":"HEyvJBIUEx-g"}},{"cell_type":"code","source":["import numpy as np\n","list_2D=np.array([[1,2,3],[4,5,6],[6,7,8]])\n","list_2D"],"metadata":{"colab":{"base_uri":"https://localhost:8080/"},"id":"kEos5NRFDkHq","executionInfo":{"status":"ok","timestamp":1663060411545,"user_tz":-300,"elapsed":395,"user":{"displayName":"Khadim Hussain","userId":"02546551491455425566"}},"outputId":"b3798e02-8642-4cc8-ef86-6387cac5418e"},"execution_count":null,"outputs":[{"output_type":"execute_result","data":{"text/plain":["array([[1, 2, 3],\n","       [4, 5, 6],\n","       [6, 7, 8]])"]},"metadata":{},"execution_count":11}]},{"cell_type":"markdown","source":["<h3> Task 05<h3>"],"metadata":{"id":"XTASoP7IDkxq"}},{"cell_type":"markdown","source":["Why is it more convenient to arrange the various functions as\n","modules?\n","\n","Ans: \n","\n","1). minimizes the risks of programming errors\n","\n","2).we use only one line of code insted of writing whole function \n"],"metadata":{"id":"99kgId2CGDiv"}},{"cell_type":"code","source":[],"metadata":{"id":"w2kaaTkwDmIE"},"execution_count":null,"outputs":[]},{"cell_type":"markdown","source":["<h3> Task 06<h3>"],"metadata":{"id":"ImthfDvgDm4o"}},{"cell_type":"markdown","source":["It is easy to convert a list to a set and vice versa. For\n","example, a list mylist = [1; 1; 2; 3; 4; 4; 5] can be converted\n","to a set using the command newset = set(mylist). The set can\n","be converted back to a list using newlist = list(newset)."],"metadata":{"id":"DYF9OvYNHNlz"}},{"cell_type":"code","source":["mylist = [1, 1, 2, 3, 4, 4, 5] \n","print('mylist = ',mylist)\n","\n","newset=set(mylist)\n","print('newset = ',newset)\n","newlist=list(newset)\n","print('newlist = ',newlist)"],"metadata":{"colab":{"base_uri":"https://localhost:8080/"},"id":"8AL1enl2DoE-","executionInfo":{"status":"ok","timestamp":1663613080311,"user_tz":-300,"elapsed":20,"user":{"displayName":"Khadim Hussain","userId":"02546551491455425566"}},"outputId":"1adaf1ae-21f3-45fe-a544-f6ca0cb27818"},"execution_count":1,"outputs":[{"output_type":"stream","name":"stdout","text":["mylist =  [1, 1, 2, 3, 4, 4, 5]\n","newset =  {1, 2, 3, 4, 5}\n","newlist =  [1, 2, 3, 4, 5]\n"]}]},{"cell_type":"markdown","source":["sets does allow a duplicate element while in lists there may be duplicate elements \n","\n","mylist has duplicate elements and when we convert it into set by set(mylist)there will be no duplicate elements and when we convert back to list there will be no repetation"],"metadata":{"id":"6NUkpKRFM8vr"}},{"cell_type":"markdown","source":["<h3> Task 07<h3>"],"metadata":{"id":"Ycit20HiDo3B"}},{"cell_type":"markdown","source":["Create a numpy array of size 5-by-5 containing all random\n","values. Determine the transpose and inverse of this matrix."],"metadata":{"id":"8cLsAkzhJgTC"}},{"cell_type":"code","source":["x = np.random.random((5,5))\n","print(x)\n","print('Tanspose \\n',np.transpose(x))\n","from numpy.linalg import inv\n","print('inverse of x \\n', inv(x))\n","\n"],"metadata":{"colab":{"base_uri":"https://localhost:8080/"},"id":"aLfrLWSAJi7m","executionInfo":{"status":"ok","timestamp":1663061377459,"user_tz":-300,"elapsed":556,"user":{"displayName":"Khadim Hussain","userId":"02546551491455425566"}},"outputId":"bc121070-6b0f-4825-a997-42f176a6a0df"},"execution_count":null,"outputs":[{"output_type":"stream","name":"stdout","text":["[[0.42565639 0.32319752 0.86285701 0.55254871 0.22253457]\n"," [0.64557856 0.18384305 0.82354282 0.8938474  0.26037862]\n"," [0.38008438 0.33677377 0.33690837 0.47829675 0.35759718]\n"," [0.87513059 0.67745352 0.60049897 0.87003693 0.54811408]\n"," [0.7030648  0.78928718 0.08379387 0.04989317 0.02325987]]\n","Tanspose \n"," [[0.42565639 0.64557856 0.38008438 0.87513059 0.7030648 ]\n"," [0.32319752 0.18384305 0.33677377 0.67745352 0.78928718]\n"," [0.86285701 0.82354282 0.33690837 0.60049897 0.08379387]\n"," [0.55254871 0.8938474  0.47829675 0.87003693 0.04989317]\n"," [0.22253457 0.26037862 0.35759718 0.54811408 0.02325987]]\n","inverse of x \n"," [[  6.93088117 -12.14214712 -51.26817487  36.81524252  -9.73363514]\n"," [ -6.24791969  10.71328189  45.12908521 -32.41544785   9.8967994 ]\n"," [  4.62756184  -4.66677112 -15.25168432  10.42643384  -3.24941319]\n"," [-10.29271596  16.19241545  54.56470603 -39.58466235  11.13729529]\n"," [  7.92434667 -14.44479295 -43.82518016  34.51994852 -10.80980935]]\n"]}]},{"cell_type":"markdown","source":["<h3> Task 08<h3>"],"metadata":{"id":"ccyLDjsyDqti"}},{"cell_type":"markdown","source":[". Consider the following Python code:\n","a = [1,2,3,4,2,3,5]\n","b = []\n","for i in a:\n","if i>2:\n","b.append(i)\n","print(b)\n","Rewrite the above code using list comprehension and reduce\n","the number of lines"],"metadata":{"id":"bokdS4tGJnQ6"}},{"cell_type":"code","source":["a = [1,2,3,4,2,3,5]\n","b = [i for i in a if i>2] \n","b"],"metadata":{"colab":{"base_uri":"https://localhost:8080/"},"id":"SV2GnqpxJoE4","executionInfo":{"status":"ok","timestamp":1663060932511,"user_tz":-300,"elapsed":411,"user":{"displayName":"Khadim Hussain","userId":"02546551491455425566"}},"outputId":"11c43da0-7736-411c-aa48-b181ef3c8259"},"execution_count":null,"outputs":[{"output_type":"execute_result","data":{"text/plain":["[3, 4, 3, 5]"]},"metadata":{},"execution_count":16}]},{"cell_type":"code","source":[],"metadata":{"id":"oxk6hvIQJz-m"},"execution_count":null,"outputs":[]}]}